Os times com mais títulos estaduais no Brasil:
ABC - 57 títulos | Campeonato Potiguar:
1920, 1921, 1923, 1925, 1926, 1928, 1929, 1932, 1933, 1934, 1935, 1936, 1937, 1938, 1939, 1940, 1941, 1944, 1945, 1947, 1950, 1953, 1954, 1955, 1958, 1959, 1960, 1961, 1962, 1965, 1966, 1970, 1971, 1972, 1973, 1976, 1978, 1983, 1984, 1990, 1993, 1994, 1995, 1997, 1998, 1999, 2000, 2005, 2007, 2008, 2010, 2011, 2016, 2017, 2018, 2020 e 2022.

Bahia - 50 títulos | Campeonato Baiano:
1931, 1933, 1934, 1936, 1938, 1940, 1944, 1945, 1947, 1948, 1949, 1950, 1952, 1954, 1956, 1958, 1959, 1960, 1961, 1962, 1967, 1970, 1971, 1973, 1974, 1975, 1976, 1977, 1978, 1979, 1981, 1982, 1983, 1984, 1986, 1987, 1988, 1991, 1993, 1994, 1998, 1999, 2001, 2012, 2014, 2015, 2018, 2019, 2020 e 2023.

Paysandu - 50 títulos | Campeonato Paraense:
1920, 1921, 1922, 1923, 1927, 1928, 1929, 1931, 1932, 1934, 1939, 1942, 1943, 1944, 1945, 1947, 1956, 1957, 1959, 1961, 1962, 1963, 1965, 1966, 1967, 1969, 1971, 1972, 1976, 1980, 1981, 1982, 1984, 1985, 1987, 1992, 1998, 2000, 2001, 2002, 2005, 2006, 2009, 2010, 2013, 2016, 2017, 2020, 2021 e 2024.

Atlético-MG - 49 títulos | Campeonato Mineiro:
1915, 1926, 1927, 1931, 1932, 1936, 1938, 1939, 1941, 1942, 1946, 1947, 1949, 1950, 1952, 1953, 1954, 1955, 1956, 1958, 1962, 1963, 1970, 1976, 1978, 1979, 1980, 1981, 1982, 1983, 1985, 1986, 1988, 1989, 1991, 1995, 1999, 2000, 2007, 2010, 2012, 2013, 2015, 2017, 2020, 2021, 2022, 2023 e 2024.

Remo - 47 títulos | Campeonato Paraense:
1913, 1914, 1915, 1916, 1917, 1918, 1919, 1924, 1925, 1926, 1930, 1933, 1936, 1940, 1949, 1950, 1952, 1953, 1954, 1960, 1964, 1968, 1973, 1974, 1975, 1977, 1978, 1979, 1986, 1989, 1990, 1991, 1993, 1994, 1995, 1996, 1997, 1999, 2003, 2004, 2007, 2008, 2014, 2015, 2018, 2019 e 2022.

Rio Branco-AC - 47 títulos | Campeonato Acreano:
1919, 1921, 1928, 1929, 1935, 1936, 1937, 1938, 1939, 1940, 1941, 1943, 1944, 1945, 1946, 1947, 1950, 1951, 1955, 1956, 1957, 1960, 1961, 1962*, 1964, 1971, 1973, 1977, 1979, 1983, 1986, 1992, 1994, 1997, 2000, 2002, 2003, 2004, 2005, 2007, 2008, 2010, 2011, 2012, 2014, 2015, 2018 e 2021.

Ceará - 46 títulos | Campeonato Cearense:
1915, 1916, 1917, 1918, 1919, 1922, 1925, 1931, 1932, 1939, 1941, 1942, 1948, 1951, 1957, 1958, 1961, 1962, 1963, 1971, 1972, 1975, 1976, 1977, 1978, 1980, 1981, 1984, 1986, 1989, 1990, 1992, 1993, 1996, 1997, 1998, 1999, 2002, 2006, 2011, 2012, 2013, 2014, 2017, 2018 e 2024.

Fortaleza - 46 títulos | Campeonato Cearense:
1920, 1921, 1923, 1924, 1926, 1927, 1928, 1933, 1934, 1937, 1938, 1946, 1947, 1949, 1953, 1954, 1959, 1960, 1964, 1965, 1967, 1969, 1973, 1974, 1982, 1983, 1985, 1987, 1991, 1992, 2000, 2001, 2003, 2004, 2005, 2007, 2008, 2009, 2010, 2015, 2016, 2019, 2020, 2021, 2022 e 2023.

Internacional - 45 títulos | Campeonato Gaúcho:
1927, 1934, 1940, 1941, 1942, 1943, 1944, 1945, 1947, 1948, 1950, 1951, 1952, 1953, 1955, 1961, 1969, 1970, 1971, 1972, 1973, 1974, 1975, 1976, 1978, 1981, 1982, 1983, 1984, 1991, 1992, 1994, 1997, 2002, 2003, 2004, 2005, 2008, 2009, 2011, 2012, 2013, 2014, 2015 e 2016.

Sport - 44 títulos | Campeonato Pernambucano:
1916, 1917, 1920, 1923, 1924, 1925, 1928, 1938, 1941, 1942, 1943, 1948, 1949, 1953, 1955, 1956, 1958, 1961, 1962, 1975, 1977, 1980, 1981, 1982, 1988, 1991, 1992, 1994, 1996, 1997, 1998, 1999, 2000, 2003, 2006, 2007, 2008, 2009, 2010, 2014, 2017, 2019, 2023 e 2024.

Grêmio - 43 títulos | Campeonato Gaúcho:
1921, 1922, 1926, 1931, 1932, 1946, 1949, 1956, 1957, 1958, 1959, 1960, 1962, 1963, 1964, 1965, 1966, 1967, 1968, 1977, 1979, 1980, 1985, 1986, 1987, 1988, 1989, 1990, 1993, 1995, 1996, 1999, 2001, 2006, 2007, 2010, 2018, 2019, 2020, 2021, 2022, 2023 e 2024.

Nacional-AM - 43 títulos | Campeonato Amazonense:
1916, 1917, 1918, 1919, 1920, 1922, 1923, 1933, 1936, 1937, 1939, 1941, 1942, 1945, 1946, 1950, 1957, 1963, 1964, 1968, 1969, 1972, 1974, 1976, 1977, 1978, 1979, 1980, 1981, 1983, 1984, 1985, 1986, 1991, 1995, 1996, 2000, 2002, 2003, 2007, 2012, 2014 e 2015.

CSA - 40 títulos | Campeonato Alagoano:
1928, 1929, 1933, 1935, 1936, 1941, 1942, 1944, 1949, 1952, 1955, 1956, 1957, 1958, 1960, 1963, 1965, 1966, 1967, 1968, 1971, 1974, 1975, 1980, 1981, 1982, 1984, 1985, 1988, 1990, 1991, 1994, 1996, 1997, 1998, 1999, 2008, 2018, 2019 e 2021.

Coritiba - 39 títulos | Campeonato Paranaense:
1916, 1927, 1931, 1933, 1935, 1939, 1941, 1942, 1946, 1947, 1951, 1952, 1954, 1956, 1957, 1959, 1960, 1968, 1969, 1971, 1972, 1973, 1974, 1975, 1976, 1978, 1979, 1986, 1989, 1999, 2003, 2004, 2008, 2010, 2011, 2012, 2013, 2017 e 2022.

Cruzeiro - 39 títulos | Campeonato Mineiro:
1928, 1929, 1930, 1940, 1943, 1944, 1945, 1956, 1959, 1960, 1961, 1965, 1966, 1967, 1968, 1969, 1972, 1973, 1974, 1975, 1977, 1984, 1987, 1990,1992, 1994, 1996, 1997, 1998, 2003, 2004, 2006, 2008, 2009, 2011, 2014, 2018 e 2019.

Flamengo - 38 títulos | Campeonato Carioca:
1914, 1915, 1920, 1921, 1925, 1927, 1939, 1942, 1943, 1944, 1953, 1954, 1955, 1963, 1965, 1972, 1974, 1978, 1979-I*, 1979-II*, 1981, 1986, 1991, 1996, 1999, 2000, 2001, 2004, 2007, 2008, 2009, 2011, 2014, 2017, 2019, 2020, 2021 e 2024

Rio Branco-ES - 38 títulos | Campeonato Capixaba:
1918, 1919, 1921, 1924, 1929, 1930, 1934, 1935, 1936, 1937, 1938, 1939, 1941, 1942, 1945, 1946, 1947, 1949, 1951, 1957, 1958, 1959, 1962, 1963, 1966, 1968, 1969, 1970, 1971, 1973, 1975, 1978, 1982, 1983, 1985, 2010, 2015 e 2024.

Sergipe - 37 títulos | Campeonato Sergipano:
1922, 1924, 1927, 1928, 1929, 1932, 1933, 1937, 1940, 1943, 1955, 1961, 1964, 1967, 1970, 1971, 1972, 1974, 1975, 1982, 1984, 1985, 1989, 1991, 1992, 1993, 1994, 1995, 1996, 1999, 2000, 2003, 2013, 2016, 2018, 2021 e 2022.

Sampaio Corrêa - 36 títulos | Campeonato Maranhense:
1933, 1934, 1940, 1942, 1953, 1954, 1956, 1961, 1962, 1964, 1965, 1972, 1975, 1976, 1978, 1980, 1984, 1985, 1986, 1987, 1988, 1990, 1991, 1992, 1997, 1998, 2002, 2003, 2010, 2011, 2012, 2014, 2017, 2020, 2021 e 2022.

América-RN - 38 títulos | Campeonato Potiguar:
1919, 1920, 1922, 1924, 1926, 1927, 1930, 1931, 1946, 1948, 1949, 1951, 1952, 1956, 1957, 1967, 1969, 1974, 1975, 1977, 1979, 1980, 1981, 1982, 1987, 1988, 1989, 1991, 1992, 1996, 2002, 2003, 2012, 2014, 2015, 2019, 2023 e 2024.

CRB - 34 títulos | Campeonato Alagoano:
1927, 1930, 1937, 1938, 1939, 1940, 1950, 1951, 1961, 1964, 1969, 1970, 1972, 1973, 1976, 1977, 1978, 1979, 1983, 1986, 1987, 1992, 1993, 1995, 2002, 2012, 2013, 2015, 2016, 2017, 2020, 2022, 2023 e 2024.

Fluminense - 33 títulos | Campeonato Carioca:
1906, 1907, 1908, 1909, 1911, 1917, 1918, 1919, 1924, 1936, 1937, 1938, 1940, 1941, 1946, 1951, 1959, 1964, 1969, 1971, 1973, 1975, 1976, 1980, 1983, 1984, 1985, 1995, 2002, 2005, 2012, 2022 e 2023

River-PI - 31 títulos | Campeonato Piauiense:
1948, 1950, 1951, 1952, 1953, 1954, 1955, 1956, 1958, 1959, 1960, 1961, 1962, 1963, 1973, 1975, 1977, 1978, 1980, 1981, 1989, 1996, 1999, 2000, 2001, 2002, 2007, 2014, 2015, 2016 e 2019.

Vitória - 30 títulos | Campeonato Baiano:
1908, 1909, 1953, 1955, 1957, 1964, 1965, 1972, 1980, 1985, 1989, 1990, 1992, 1995, 1996, 1997, 1999, 2000, 2002, 2003, 2004, 2005, 2007, 2008, 2009, 2010, 2013, 2016, 2017 e 2024

Botafogo-PB - 30 títulos | Campeonato Paraibano:
1936, 1937, 1938, 1944, 1945, 1947, 1948, 1949, 1953, 1954, 1955, 1957, 1968, 1969, 1970, 1975, 1976, 1977, 1978, 1984, 1986, 1988, 1998, 1999, 2003, 2013, 2014, 2017, 2018 e 2019.

Corinthians - 30 títulos | Campeonato Paulista:
1914, 1916, 1922, 1923, 1924, 1928, 1929, 1930, 1937, 1938, 1939, 1941, 1951, 1952, 1954, 1977, 1979, 1982, 1983, 1988, 1995, 1997, 1999, 2001, 2003, 2009, 2013, 2017, 2018 e 2019.

Santa Cruz - 29 títulos | Campeonato Pernambucano:
1932, 1932, 1933, 1935, 1940, 1946, 1947, 1957, 1959, 1969, 1970, 1971, 1972, 1973, 1976, 1978, 1979, 1983, 1986, 1987, 1990, 1993, 1995, 2005, 2011, 2012, 2013, 2015 e 2016.

Athletico-PR - 28 títulos | Campeonato Paranaense:
1925, 1929, 1930, 1934, 1936, 1940, 1943, 1945, 1949, 1958, 1970, 1982, 1983, 1985, 1988, 1990, 1998, 2000, 2001, 2002, 2005, 2009, 2016, 2018, 2019, 2020, 2023 e 2024.